u4 cactus_big1[25][13]={
{0, 0, 0, 0, 0, 1, 1, 0, 0, 0, 0, 0, 0},
{0, 0, 0, 0, 0, 1, 1, 0, 0, 0, 0, 0, 0},
{0, 0, 0, 0, 1, 1, 1, 1, 0, 0, 0, 0, 0},
{0, 0, 0, 0, 1, 1, 1, 1, 0, 0, 0, 0, 0},
{0, 1, 0, 0, 1, 1, 1, 1, 0, 0, 0, 0, 0},
{1, 1, 1, 0, 1, 1, 1, 1, 0, 0, 0, 0, 0},
{1, 1, 1, 0, 1, 1, 1, 1, 0, 0, 0, 1, 0},
{1, 1, 1, 0, 1, 1, 1, 1, 0, 0, 1, 1, 0},
{1, 1, 1, 0, 1, 1, 1, 1, 0, 1, 1, 1, 1},
{1, 1, 1, 0, 1, 1, 1, 1, 0, 1, 1, 1, 1},
{1, 1, 1, 0, 1, 1, 1, 1, 0, 1, 1, 1, 1},
{1, 1, 1, 1, 1, 1, 1, 1, 0, 1, 1, 1, 1},
{0, 1, 1, 1, 1, 1, 1, 1, 0, 1, 1, 1, 1},
{0, 0, 0, 1, 1, 1, 1, 1, 0, 1, 1, 1, 1},
{0, 0, 0, 0, 1, 1, 1, 1, 1, 1, 1, 1, 0},
{0, 0, 0, 0, 1, 1, 1, 1, 1, 1, 1, 0, 0},
{0, 0, 0, 0, 1, 1, 1, 1, 1, 1, 0, 0, 0},
{0, 0, 0, 0, 1, 1, 1, 1, 0, 0, 0, 0, 0},
{0, 0, 0, 0, 1, 1, 1, 1, 0, 0, 0, 0, 0},
{0, 0, 0, 0, 1, 1, 1, 1, 0, 0, 0, 0, 0},
{0, 0, 0, 0, 1, 1, 1, 1, 0, 0, 0, 0, 0},
{0, 0, 0, 0, 1, 1, 1, 1, 0, 0, 0, 0, 0},
{0, 0, 0, 0, 1, 1, 1, 1, 0, 0, 0, 0, 0},
{0, 0, 0, 0, 1, 1, 1, 1, 0, 0, 0, 0, 0},
{0, 0, 0, 0, 1, 1, 1, 1, 0, 0, 0, 0, 0},
};
